Exchange_336_96_DLinear_custom_ftM_sl336_ll48_pl96_dm512_nh8_el2_dl1_df2048_fc1_ebtimeF_dtTrue_Exp_0  
mse:0.09979385882616043, mae:0.22087323665618896, rse:0.24030454456806183, corr:[0.2565454  0.25635704 0.2561616  0.25595495 0.255838   0.25552878
 0.25536925 0.2551008  0.25483987 0.2546277  0.25457656 0.25447184
 0.25463757 0.25483263 0.2547283  0.2548185  0.25483233 0.2549039
 0.25486183 0.25481755 0.25480148 0.2547266  0.25471666 0.254756
 0.25489062 0.2549289  0.2548251  0.25483274 0.25479034 0.25477028
 0.25478953 0.2549631  0.255      0.25499457 0.25491476 0.25480998
 0.25482103 0.25474712 0.25455508 0.254514   0.25450447 0.25442904
 0.25435188 0.2541834  0.25405625 0.25416967 0.2542083  0.25424752
 0.25417164 0.25426945 0.25438643 0.25446856 0.25450262 0.25458714
 0.2546154  0.25475308 0.25489956 0.25494793 0.25507966 0.25504607
 0.2550986  0.25513756 0.2551734  0.25511807 0.255054   0.2550167
 0.2550819  0.25509363 0.2551044  0.25506043 0.25514862 0.25514784
 0.25520357 0.2552188  0.25528023 0.2552925  0.25526145 0.25533387
 0.25529185 0.2553608  0.25538415 0.25538933 0.25554198 0.25562668
 0.25563496 0.25568846 0.2557166  0.2557059  0.2557219  0.25576425
 0.25580806 0.25578907 0.2557256  0.25569895 0.2556594  0.25561202]

Exchange_336_96_DLinear_custom_ftM_sl336_ll48_pl96_dm512_nh8_el2_dl1_df2048_fc1_ebtimeF_dtTrue_Exp_0  
mse:0.09979385882616043, mae:0.22087323665618896, rse:0.24030454456806183, corr:[0.2565454  0.25635704 0.2561616  0.25595495 0.255838   0.25552878
 0.25536925 0.2551008  0.25483987 0.2546277  0.25457656 0.25447184
 0.25463757 0.25483263 0.2547283  0.2548185  0.25483233 0.2549039
 0.25486183 0.25481755 0.25480148 0.2547266  0.25471666 0.254756
 0.25489062 0.2549289  0.2548251  0.25483274 0.25479034 0.25477028
 0.25478953 0.2549631  0.255      0.25499457 0.25491476 0.25480998
 0.25482103 0.25474712 0.25455508 0.254514   0.25450447 0.25442904
 0.25435188 0.2541834  0.25405625 0.25416967 0.2542083  0.25424752
 0.25417164 0.25426945 0.25438643 0.25446856 0.25450262 0.25458714
 0.2546154  0.25475308 0.25489956 0.25494793 0.25507966 0.25504607
 0.2550986  0.25513756 0.2551734  0.25511807 0.255054   0.2550167
 0.2550819  0.25509363 0.2551044  0.25506043 0.25514862 0.25514784
 0.25520357 0.2552188  0.25528023 0.2552925  0.25526145 0.25533387
 0.25529185 0.2553608  0.25538415 0.25538933 0.25554198 0.25562668
 0.25563496 0.25568846 0.2557166  0.2557059  0.2557219  0.25576425
 0.25580806 0.25578907 0.2557256  0.25569895 0.2556594  0.25561202]

